// src/components/FootballPitch/constants.ts

// Wartości xT dla każdej strefy boiska (12x8 grid)
export const XT_VALUES: number[][] = [
  [
    0.322, 0.344, 0.368, 0.385, 0.403, 0.42, 0.42, 0.403, 0.385, 0.368, 0.344,
    0.322,
  ],
  [
    0.344, 0.368, 0.392, 0.411, 0.43, 0.449, 0.449, 0.43, 0.411, 0.392, 0.368,
    0.344,
  ],
  [
    0.368, 0.392, 0.418, 0.438, 0.459, 0.479, 0.479, 0.459, 0.438, 0.418, 0.392,
    0.368,
  ],
  [
    0.385, 0.411, 0.438, 0.46, 0.482, 0.504, 0.504, 0.482, 0.46, 0.438, 0.411,
    0.385,
  ],
  [
    0.403, 0.43, 0.459, 0.482, 0.506, 0.53, 0.53, 0.506, 0.482, 0.459, 0.43,
    0.403,
  ],
  [
    0.42, 0.449, 0.479, 0.504, 0.53, 0.556, 0.556, 0.53, 0.504, 0.479, 0.449,
    0.42,
  ],
  [
    0.438, 0.468, 0.5, 0.527, 0.555, 0.583, 0.583, 0.555, 0.527, 0.5, 0.468,
    0.438,
  ],
  [
    0.456, 0.488, 0.522, 0.551, 0.581, 0.612, 0.612, 0.581, 0.551, 0.522, 0.488,
    0.456,
  ],
];
